0
-0.00107978
-0.000768139
-0.000198293
6.44313e-005
0.00208543
0.00368919
0.00158559
-0.00262808
-0.00759077
-0.0119391
-0.0086666
0.00889812
0.0430539
0.0974469
0.174041
0.268142
0.374772
0.489336
0.602415
0.705874
0.796835
0.87159
0.927788
0.968218
0.993467
1.00121
0.992586
inf
5.20008e+253
inf
inf
-3.68812e+253
4.31784e+253
7.25589e+253
1.0194e+254
-3.47509e+253
2.74133e+253
5.67938e+253
8.61744e+253
-1.3572e+253
2.00111e+253
4.93916e+253
7.87722e+253
-1.2264e+253
1.83652e+253
4.77457e+253
7.71263e+253
-1.7407e+253
1.1835e+253
4.12156e+253
7.05962e+253
5.62175e+252
6.76052e+252
3.61411e+253
6.55217e+253
3.68813e+253
1.55829e+253
4.49634e+253
7.4344e+253
3.4751e+253
3.1348e+253
6.07286e+253
9.01092e+253
1.35721e+253
3.87502e+253
6.81307e+253
9.75113e+253
1.22641e+253
4.03961e+253
6.97766e+253
9.91572e+253
1.74071e+253
4.69262e+253
7.63068e+253
1.05687e+254
-5.62168e+252
5.20008e+253
8.13813e+253
1.10762e+254
-3.68812e+253
4.31784e+253
7.25589e+253
1.0194e+254
-3.47509e+253
2.74133e+253
5.67938e+253
8.61744e+253
-1.3572e+253
2.00111e+253
4.93916e+253
7.87722e+253
-1.2264e+253
1.83652e+253
4.77457e+253
7.71263e+253
-1.7407e+253
1.1835e+253
4.12156e+253
7.05962e+253
5.62175e+252
6.76052e+252
3.61411e+253
6.55217e+253
3.68813e+253
1.55829e+253
4.49634e+253
7.4344e+253
3.4751e+253
3.1348e+253
6.07286e+253
9.01092e+253
1.35721e+253
3.87502e+253
6.81307e+253
9.75113e+253
1.22641e+253
4.03961e+253
6.97766e+253
9.91572e+253
1.74071e+253
4.69262e+253
7.63068e+253
1.05687e+254
-5.62168e+252
5.20008e+253
8.13813e+253
1.10762e+254
-3.68812e+253
4.31784e+253
7.25589e+253
1.0194e+254
-3.47509e+253
2.74133e+253
5.67938e+253
8.61744e+253
-1.3572e+253
2.00111e+253
4.93916e+253
7.87722e+253
-1.2264e+253
1.83652e+253
4.77457e+253
7.71263e+253
-1.7407e+253
1.1835e+253
4.12156e+253
7.05962e+253
5.62175e+252
6.76052e+252
3.61411e+253
6.55217e+253
3.68813e+253
1.55829e+253
4.49634e+253
7.4344e+253
3.4751e+253
3.1348e+253
6.07286e+253
9.01092e+253
1.35721e+253
3.87502e+253
6.81307e+253
9.75113e+253
1.22641e+253
4.03961e+253
6.97766e+253
9.91572e+253
1.74071e+253
4.69262e+253
7.63068e+253
1.05687e+254
-5.62168e+252
5.20008e+253
8.13813e+253
1.10762e+254
-3.68812e+253
4.31784e+253
7.25589e+253
1.0194e+254
-3.47509e+253
2.74133e+253
5.67938e+253
8.61744e+253
-1.3572e+253
2.00111e+253
4.93916e+253
7.87722e+253
-1.2264e+253
1.83652e+253
4.77457e+253
7.71263e+253
-1.7407e+253
1.1835e+253
4.12156e+253
7.05962e+253
5.62175e+252
6.76052e+252
3.61411e+253
6.55217e+253
3.68813e+253
1.55829e+253
4.49634e+253
7.4344e+253
3.4751e+253
3.1348e+253
6.07286e+253
9.01092e+253
1.35721e+253
3.87502e+253
6.81307e+253
9.75113e+253
1.22641e+253
4.03961e+253
6.97766e+253
9.91572e+253
1.74071e+253
4.69262e+253
7.63068e+253
1.05687e+254
-5.62168e+252
5.20008e+253
8.13813e+253
1.10762e+254
-3.68812e+253
4.31784e+253
7.25589e+253
1.0194e+254
-3.47509e+253
2.74133e+253
5.67938e+253
8.61744e+253
-1.3572e+253
2.00111e+253
4.93916e+253
7.87722e+253
-1.2264e+253
1.83652e+253
4.77457e+253
7.71263e+253
-1.7407e+253
1.1835e+253
4.12156e+253
7.05962e+253
5.62175e+252
6.76052e+252
3.61411e+253
6.55217e+253
3.68813e+253
1.55829e+253
4.49634e+253
7.4344e+253
3.4751e+253
3.1348e+253
6.07286e+253
9.01092e+253
1.35721e+253
3.87502e+253
6.81307e+253
9.75113e+253
1.22641e+253
4.03961e+253
6.97766e+253
9.91572e+253
1.74071e+253
4.69262e+253
7.63068e+253
1.05687e+254
-5.62168e+252
5.20008e+253
8.13813e+253
1.10762e+254
-3.68812e+253
4.31784e+253
7.25589e+253
1.0194e+254
-3.47509e+253
2.74133e+253
5.67938e+253
8.61744e+253
-1.3572e+253
2.00111e+253
4.93916e+253
7.87722e+253
-1.2264e+253
1.83652e+253
4.77457e+253
7.71263e+253
-1.7407e+253
1.1835e+253
4.12156e+253
7.05962e+253
5.62175e+252
6.76052e+252
3.61411e+253
6.55217e+253
3.68813e+253
1.55829e+253
4.49634e+253
7.4344e+253
3.4751e+253
3.1348e+253
6.07286e+253
9.01092e+253
1.35721e+253
3.87502e+253
6.81307e+253
9.75113e+253
1.22641e+253
4.03961e+253
6.97766e+253
9.91572e+253
1.74071e+253
4.69262e+253
7.63068e+253
1.05687e+254
-5.62168e+252
5.20008e+253
8.13813e+253
1.10762e+254
0
0
0
0
0
0
0
0
0
0
0
0
0
0
0
0
0
0
0
0
0
0
0
0
0
0
0
0
0
